    unsorted:	 7.619165671 7.599169760 7.557011186e-06 0.001002684519
      sorted:	 7.557011186e-06 0.001002684519 7.599169760 7.619165671
